CompletedTour

8 X 8

99999 16 27 89 34 65 12 10

16 99999 56 78 32 16 64 32

27 56 99999 82 57 35 80 25

89 78 82 99999 34 51 19 47

34 32 57 34 99999 42 59 41

65 16 35 51 42 99999 76 82

12 64 80 19 59 76 99999 38

10 32 25 47 41 82 38 99999